0
19
20
30
0   3   1   0.999   2   0.999   3   0.999
1   3   0   0.999   4   0.999   5   0.999
2   3   0   0.999   6   0.999   7   0.999
3   3   0   0.999   8   0.999   9   0.999
4   3   10  0.999   9   0.999   1   0.999
5   3   1   0.999   6   0.999   11  0.999
6   3   2   0.999   5   0.999   12  0.999
7   3   2   0.999   8   0.999   13  0.999
8   3   3   0.999   7   0.999   14  0.999
9   3   3   0.999   4   0.999   15  0.999
10  3   4   0.999   11  0.999   16  0.999
11  3   5   0.999   17  0.999   10  0.999
12  3   6   0.999   17  0.999   13  0.999
13  3   12  0.999   7   0.999   18  0.999
14  3   8   0.999   15  0.999   18  0.999
15  3   9   0.999   14  0.999   16  0.999
16  3   10  0.999   15  0.999   19  0.999
17  3   12  0.999   11  0.999   19  0.999
18  3   13  0.999   14  0.999   19  0.999
19  3   16  0.999   17  0.999   18  0.999

