0
19
20
30
0   3   1   0.99   2   0.99   3   0.99
1   3   0   0.99   4   0.99   5   0.99
2   3   0   0.99   6   0.99   7   0.99
3   3   0   0.99   8   0.99   9   0.99
4   3   10  0.99   9   0.99   1   0.99
5   3   1   0.99   6   0.99   11  0.99
6   3   2   0.99   5   0.99   12  0.99
7   3   2   0.99   8   0.99   13  0.99
8   3   3   0.99   7   0.99   14  0.99
9   3   3   0.99   4   0.99   15  0.99
10  3   4   0.99   11  0.99   16  0.99
11  3   5   0.99   17  0.99   10  0.99
12  3   6   0.99   17  0.99   13  0.99
13  3   12  0.99   7   0.99   18  0.99
14  3   8   0.99   15  0.99   18  0.99
15  3   9   0.99   14  0.99   16  0.99
16  3   10  0.99   15  0.99   19  0.99
17  3   12  0.99   11  0.99   19  0.99
18  3   13  0.99   14  0.99   19  0.99
19  3   16  0.99   17  0.99   18  0.99

