  0.0000000000000000e+000  0.0000000000000000e+000
  6.9526506600263431e+000  1.0000000000000001e-001
  1.3862084224202963e+001  2.0000000000000001e-001
  2.0730737327198788e+001  3.0000000000000004e-001
  2.7561046603682755e+001  4.0000000000000002e-001
  3.4355448688323776e+001  5.0000000000000000e-001
  4.1116380215790812e+001  6.0000000000000009e-001
  4.7846277820752768e+001  7.0000000000000007e-001
  5.4547578137878581e+001  8.0000000000000004e-001
  6.1222717801837192e+001  9.0000000000000002e-001
  6.7874133447297524e+001  1.0000000000000000e+000
  7.4504261708928510e+001  1.1000000000000001e+000
  8.1115539221399075e+001  1.2000000000000002e+000
  8.7710402619378144e+001  1.3000000000000000e+000
  9.4291288537534683e+001  1.4000000000000001e+000
  1.0086063361053758e+002  1.5000000000000000e+000
  1.0742087447305579e+002  1.6000000000000001e+000
  1.1397444775975822e+002  1.7000000000000002e+000
  1.2052379010531384e+002  1.8000000000000000e+000
  1.2707133814439155e+002  1.9000000000000001e+000
  1.3361952851166026e+002  2.0000000000000000e+000
  1.4017079784178898e+002  2.1000000000000001e+000
  1.4672758276944657e+002  2.2000000000000002e+000
  1.5329231992930198e+002  2.3000000000000003e+000
  1.5986744595602414e+002  2.4000000000000004e+000
  1.6645539748428197e+002  2.5000000000000000e+000
  1.7305860895053505e+002  2.6000000000000001e+000
  1.7967773236279112e+002  2.7000000000000002e+000
  1.8630842194656637e+002  2.8000000000000003e+000
  1.9294546255152824e+002  2.9000000000000004e+000
  1.9958363902734396e+002  3.0000000000000000e+000
  2.0621773622368104e+002  3.1000000000000001e+000
  2.1284253899020678e+002  3.2000000000000002e+000
  2.1945283217658852e+002  3.3000000000000003e+000
  2.2604340063249364e+002  3.4000000000000004e+000
  2.3260902920758946e+002  3.5000000000000000e+000
  2.3914450275154343e+002  3.6000000000000001e+000
  2.4564460611402282e+002  3.7000000000000002e+000
  2.5210412687502426e+002  3.8000000000000003e+000
  2.5851866095033216e+002  3.9000000000000004e+000
  2.6488573613474631e+002  4.0000000000000000e+000
  2.7120316274712337e+002  4.1000000000000005e+000
  2.7746875110631970e+002  4.2000000000000002e+000
  2.8368031153119199e+002  4.2999999999999998e+000
  2.8983565434059676e+002  4.4000000000000004e+000
  2.9593258985339043e+002  4.5000000000000000e+000
  3.0196892838842962e+002  4.6000000000000005e+000
  3.0794248026457080e+002  4.7000000000000002e+000
  3.1385105580067057e+002  4.8000000000000007e+000
  3.1969246531558531e+002  4.9000000000000004e+000
  3.2546451912817167e+002  5.0000000000000000e+000
  3.3116502755728624e+002  5.1000000000000005e+000
  3.3679180092178535e+002  5.2000000000000002e+000
  3.4234264954052571e+002  5.3000000000000007e+000
  3.4781538373236378e+002  5.4000000000000004e+000
  3.5320781381615603e+002  5.5000000000000000e+000
  3.5851775011075915e+002  5.6000000000000005e+000
  3.6374300293502944e+002  5.7000000000000002e+000
  3.6888138260782364e+002  5.8000000000000007e+000
  3.7393069944799811e+002  5.9000000000000004e+000
  3.7888876260411359e+002  6.0000000000000000e+000
  3.8375336673622093e+002  6.1000000000000005e+000
  3.8852229671940398e+002  6.2000000000000002e+000
  3.9319333724482959e+002  6.3000000000000007e+000
  3.9776427300366464e+002  6.4000000000000004e+000
  4.0223288868707584e+002  6.5000000000000000e+000
  4.0659696898623019e+002  6.6000000000000005e+000
  4.1085429859229436e+002  6.7000000000000002e+000
  4.1500266219643521e+002  6.8000000000000007e+000
  4.1903984448981959e+002  6.9000000000000004e+000
  4.2296363016361425e+002  7.0000000000000000e+000
  4.2677180390898616e+002  7.1000000000000005e+000
  4.3046215041710195e+002  7.2000000000000002e+000
  4.3403245712156559e+002  7.3000000000000007e+000
  4.3748229244085582e+002  7.4000000000000004e+000
  4.4081607105180137e+002  7.5000000000000000e+000
  4.4403902418873292e+002  7.5999999999999996e+000
  4.4715638308598113e+002  7.6999999999999993e+000
  4.5017337897787672e+002  7.7999999999999998e+000
  4.5309524309875030e+002  7.8999999999999995e+000
  4.5592720668293248e+002  8.0000000000000000e+000
  4.5867450096475397e+002  8.0999999999999996e+000
  4.6134235717854540e+002  8.1999999999999993e+000
  4.6393600655863742e+002  8.3000000000000007e+000
  4.6646068033936064e+002  8.3999999999999986e+000
  4.6892160975504584e+002  8.5000000000000000e+000
  4.7132402604002351e+002  8.5999999999999996e+000
  4.7367316042862444e+002  8.6999999999999993e+000
  4.7597424415517924e+002  8.8000000000000007e+000
  4.7823250845401850e+002  8.8999999999999986e+000
  4.8045318455947302e+002  9.0000000000000000e+000
  4.8264150370587328e+002  9.0999999999999996e+000
  4.8480230154789962e+002  9.1999999999999993e+000
  4.8693623127456561e+002  9.3000000000000007e+000
  4.8904143301007855e+002  9.3999999999999986e+000
  4.9111601258415618e+002  9.5000000000000000e+000
  4.9315807582651610e+002  9.5999999999999996e+000
  4.9516572856687594e+002  9.6999999999999993e+000
  4.9713707663495336e+002  9.8000000000000007e+000
  4.9907022586046588e+002  9.8999999999999986e+000
  5.0096328207313138e+002  1.0000000000000000e+001
  5.0281435110266722e+002  1.0100000000000000e+001
  5.0462153877879121e+002  1.0199999999999999e+001
  5.0638295093122099e+002  1.0300000000000001e+001
  5.0809669338967404e+002  1.0399999999999999e+001
  5.0976087198386813e+002  1.0500000000000000e+001
  5.1137359254352089e+002  1.0600000000000000e+001
  5.1293296089834985e+002  1.0699999999999999e+001
  5.1443709764253754e+002  1.0800000000000001e+001
  5.1588523953239485e+002  1.0899999999999999e+001
  5.1727850065964105e+002  1.1000000000000000e+001
  5.1861817513922313e+002  1.1100000000000000e+001
  5.1990555708608792e+002  1.1199999999999999e+001
  5.2114194061518276e+002  1.1300000000000001e+001
  5.2232861984145427e+002  1.1400000000000000e+001
  5.2346688887984976e+002  1.1500000000000000e+001
  5.2455804184531610e+002  1.1600000000000000e+001
  5.2560337285280036e+002  1.1699999999999999e+001
  5.2660417601724953e+002  1.1800000000000001e+001
  5.2756174545361057e+002  1.1900000000000000e+001
  5.2847737527683057e+002  1.2000000000000000e+001
  5.2935235960185651e+002  1.2100000000000000e+001
  5.3018799254363535e+002  1.2199999999999999e+001
  5.3098556821711418e+002  1.2300000000000001e+001
  5.3174638073723997e+002  1.2400000000000000e+001
  5.3247172421895971e+002  1.2500000000000000e+001
  5.3316289277722046e+002  1.2600000000000000e+001
  5.3382118052696921e+002  1.2699999999999999e+001
  5.3444788158315293e+002  1.2800000000000001e+001
  5.3504429006071871e+002  1.2900000000000000e+001
  5.3561170007461351e+002  1.3000000000000000e+001
  5.3615140573978431e+002  1.3100000000000000e+001
  5.3666470117117819e+002  1.3199999999999999e+001
  5.3715288048374214e+002  1.3300000000000001e+001
  5.3761723779242311e+002  1.3400000000000000e+001
  5.3805906721216820e+002  1.3500000000000000e+001
  5.3847966285792438e+002  1.3600000000000000e+001
  5.3888031884463862e+002  1.3699999999999999e+001
  5.3926232928725801e+002  1.3800000000000001e+001
  5.3962698830072941e+002  1.3900000000000000e+001
  5.3997559000000001e+002  1.4000000000000000e+001
  5.4030942850001668e+002  1.4100000000000000e+001
  5.4062979791572661e+002  1.4199999999999999e+001
  5.4093799236207667e+002  1.4300000000000001e+001
  5.4123530595401382e+002  1.4400000000000000e+001
  5.4152303280648516e+002  1.4500000000000000e+001
  5.4180246703443777e+002  1.4600000000000000e+001
  5.4207490275281850e+002  1.4699999999999999e+001
  5.4234163407657445e+002  1.4800000000000001e+001
  5.4260395512065259e+002  1.4900000000000000e+001
  5.4286315999999999e+002  1.5000000000000000e+001
